<?xml version="1.0"?>
<opencv_storage>
<_3_class_64x128 type_id="opencv-object-detector-hog">
  <winSize>
    64 128</winSize>
  <blockSize>
    16 16</blockSize>
  <blockStride>
    8 8</blockStride>
  <cellSize>
    8 8</cellSize>
  <nbins>9</nbins>
  <derivAperture>1</derivAperture>
  <winSigma>4.</winSigma>
  <histogramNormType>0</histogramNormType>
  <L2HysThreshold>2.0000000000000001e-01</L2HysThreshold>
  <gammaCorrection>1</gammaCorrection>
  <nlevels>64</nlevels>
  <signedGradient>0</signedGradient>
  <SVMDetector>
    -1.90989841e-02 -3.11671931e-04 2.30861660e-02 3.47211324e-02
    6.68185577e-03 2.91386545e-02 9.88574047e-03 -4.71612625e-03
    -1.72700528e-02 -2.32132878e-02 -1.01322662e-02 6.12695562e-03
    3.03452499e-02 -2.93879281e-03 1.11441100e-02 -5.11057209e-03
    -8.87258537e-03 -1.90376509e-02 2.15062946e-02 1.59479678e-02
    1.56115759e-02 4.70416024e-02 6.88463158e-04 1.88984293e-02
    7.18671130e-03 -8.20249226e-03 -5.90063026e-03 8.15319829e-03
    4.34789713e-03 -5.81057556e-03 3.19638066e-02 -1.63557101e-02
    9.73696914e-03 2.23560887e-03 -5.58186369e-03 2.04874650e-02
    -1.49562880e-02 8.02467950e-03 -1.07830595e-02 1.65575929e-02
    -4.68900939e-03 5.32857515e-03 -5.44755301e-03 1.41676364e-03
    -1.17386887e-02 -1.67024601e-02 -1.08663449e-02 -1.78328659e-02
    1.27726505e-02 -2.66884100e-02 1.79557316e-03 1.74376968e-04
    8.36937409e-03 -1.90306529e-02 -1.10659446e-03 4.42853710e-03
    -8.60811025e-03 1.80880371e-02 -2.14846786e-02 1.22265937e-02
    4.63993475e-03 1.55214407e-03 9.20497254e-03 7.77303940e-04
    -2.05001154e-04 1.74526535e-02 3.38157490e-02 -3.25588207e-03
    2.77395155e-02 1.35472091e-02 1.39856925e-02 -6.99186698e-03
    -7.29211047e-03 -1.04354890e-02 -7.75185646e-03 1.20218024e-02
    -2.78588980e-02 1.17882965e-02 -8.44120048e-03 -1.99938659e-02
    -1.64563879e-02 2.86016241e-03 2.35748217e-02 2.46990081e-02
    9.23720282e-03 -1.89521760e-02 8.33617896e-03 -1.39335860e-02
    -2.09790636e-02 -1.63997207e-02 -9.62322392e-03 -2.98785735e-02
    1.28159560e-02 1.58838090e-02 -2.74327733e-02 2.00811923e-02
    6.50088768e-03 -9.36665013e-03 -1.74762569e-02 -1.40086878e-02
    -2.69423481e-02 2.98726410e-02 1.22906491e-02 -2.22343504e-02
    1.29738711e-02 -4.52365261e-03 -1.22635318e-02 -2.45372634e-02
    2.50967741e-02 2.28554998e-02 1.18861794e-02 1.20348192e-03
    -8.18126660e-04 5.27645275e-03 -7.61099905e-03 -1.54953208e-02
    -1.57605093e-02 3.86031866e-02 2.88414769e-02 -1.23172277e-03
    -1.60874669e-02 -2.09389646e-02 2.14838777e-02 2.03150250e-02
    -2.15756595e-02 7.15413317e-03 -7.71929091e-03 -4.44860151e-03
    1.47798350e-02 7.23079359e-03 -1.31448898e-02 6.26682676e-03
    3.06992745e-03 -1.15995631e-02 -3.71850207e-02 -1.03238234e-02
    4.38834215e-03 1.58313885e-02 2.03984184e-03 -1.11971823e-02
    1.42791085e-02 4.64156177e-03 -8.07080325e-03 -1.92724019e-02
    3.60735394e-02 1.28841195e-02 3.74981109e-03 -1.38684046e-02
    -2.05220897e-02 2.28339862e-02 2.45028269e-02 9.61156271e-04
    1.36229228e-02 2.89228577e-02 1.48723228e-02 3.53699550e-03
    5.65175200e-03 -8.20740685e-03 2.96449922e-02 2.66015977e-02
    -1.87635631e-03 2.22978666e-02 -1.69462655e-02 4.01134882e-03
    9.76092275e-03 1.60783213e-02 -2.11152639e-02 2.38291603e-02
    7.71109760e-03 2.41856254e-03 -3.96335078e-03 2.39146664e-03
    -6.79028966e-03 -3.53474095e-02 3.34004010e-03 -1.36216907e-02
    2.33344529e-02 4.85958823e-04 1.12088080e-02 8.60537123e-03
    1.43990610e-02 1.18869711e-02 -7.12445239e-03 3.08105582e-03
    -2.87752296e-03 3.76988277e-02 4.30000164e-02 9.14735999e-03
    1.06311878e-02 2.38664523e-02 2.36124471e-02 9.29866452e-03
    6.77478267e-03 -4.25655395e-03 9.83119104e-03 2.80313436e-02
    -2.46201083e-03 -5.04278718e-03 -3.79073346e-04 1.54240113e-02
    -2.59626638e-02 1.42283542e-02 -5.03078150e-03 3.42392437e-02
    8.23621266e-03 3.54684214e-03 -1.84763409e-02 -7.75572099e-03
    1.73211563e-02 3.76657443e-03 2.84662377e-02 -1.75696854e-02
    1.06995869e-02 -1.17655303e-02 -5.77680580e-03 -1.38915991e-02
    1.03007546e-02 2.36659683e-02 1.45182982e-02 -7.73817720e-03
    -5.79200638e-03 -4.72166250e-03 -6.58415165e-03 -1.67479254e-02
    -4.41035023e-03 -1.47225999e-03 2.91836578e-02 3.65104415e-02
    4.20523435e-03 -8.04303959e-03 2.01135548e-03 1.01118414e-02
    1.73850241e-03 -1.88824255e-02 -2.51276232e-03 1.93326231e-02
    1.42525379e-02 1.37192197e-02 -1.40949441e-02 1.30818440e-02
    -1.09579582e-02 -2.47282651e-03 -6.68540318e-03 6.28499128e-03
    2.00717412e-02 2.56639346e-02 1.16235809e-02 -1.75315104e-02
    3.27674416e-03 -1.10889710e-02 1.50174676e-02 -7.66558945e-03
    -1.37747340e-02 1.16417417e-02 2.69729993e-03 -2.64298334e-03
    -2.96982788e-02 -9.93050635e-03 -1.73977949e-03 9.02376138e-03
    -3.86881270e-03 -8.07142002e-04 9.11033060e-03 7.54201459e-03
    6.43398473e-03 -2.28181551e-03 8.12599156e-03 4.59552626e-04
    1.17635187e-02 1.09527931e-02 -8.08866788e-03 9.35473759e-03
    -9.71691776e-03 -4.43425030e-03 -1.72346029e-02 -1.08654741e-02
    -1.42473150e-02 7.03440839e-03 -7.30131869e-05 2.41748467e-02
    1.33956643e-02 2.00974246e-04 1.66151784e-02 2.49805907e-03
    7.93759897e-03 1.26741175e-02 1.92390047e-02 2.62732208e-02
    -6.75910711e-03 5.15082665e-03 8.27533286e-03 1.37224328e-02
    -1.63337477e-02 1.56214908e-02 9.28227883e-03 -5.55954594e-03
    1.24603594e-02 -1.15599344e-02 1.65103382e-04 -1.09423576e-02
    -1.25402026e-03 -1.58040766e-02 1.22230118e-02 -4.80870763e-03
    -1.00169154e-02 6.26347540e-03 2.35717408e-02 1.55919706e-02
    2.83020712e-03 1.52725475e-02 -2.29208730e-02 8.96849297e-03
    -1.10551119e-02 1.31535437e-02 2.67161205e-02 2.65805190e-03
    1.18328128e-02 -1.44064426e-02 9.26757790e-03 -1.30476881e-04
    1.93272007e-03 -1.16448589e-02 8.25136434e-03 2.68055890e-02
    1.50451940e-02 1.94011489e-03 -2.91350763e-04 -3.17241764e-04
    5.33354469e-03 1.64830443e-02 6.18330017e-03 2.49468163e-03
    3.89806973e-03 -1.56718884e-02 -1.76695082e-02 4.08225367e-03
    7.52981240e-03 -7.17569888e-03 1.21236555e-02 -4.54560760e-03
    -1.03808613e-02 -1.93191841e-02 2.46641636e-02 1.19279390e-02
    6.89011184e-04 1.35601331e-02 2.40563862e-02 2.95224991e-02
    1.04466593e-02 2.45190971e-02 3.43244113e-02 1.02812573e-02
    -1.01139313e-02 1.00836437e-02 -2.66607315e-03 4.23010439e-03
    2.65684281e-03 -8.00557435e-03 1.02421455e-02 -3.55271879e-03
    -1.36427050e-02 -2.60394216e-02 -6.30397815e-04 8.27663206e-03
    1.91616453e-02 7.79000809e-03 1.31795621e-02 3.31925880e-03
    -5.13086212e-04 3.16292932e-03 -1.07723642e-02 1.57650281e-02
    1.49265435e-02 -1.13909449e-02 -1.60976723e-02 -5.97479800e-03
    6.98632421e-03 9.56171285e-03 3.14863473e-02 7.19055254e-03
    1.86057854e-02 8.57030135e-03 2.07641684e-02 1.80231743e-02
    3.35779530e-03 2.16762759e-02 1.80240739e-02 3.15874740e-02
    1.30647356e-02 1.21777430e-02 1.87910013e-02 6.81637414e-03
    1.05302427e-02 -1.14227813e-02 9.44165234e-03 3.09029780e-02
    -3.08176223e-02 -1.99075080e-02 9.33551043e-03 2.59478786e-03
    -1.47727644e-02 -2.32180431e-02 -8.46652035e-03 3.08812573e-03
    2.41021582e-04 -2.92241462e-02 -1.94224308e-03 2.83378102e-02
    5.94769372e-03 1.11823408e-02 -1.83237214e-02 -8.89555493e-04
    1.26254102e-02 -1.28697287e-02 3.85859190e-03 1.36316952e-03
    2.30761133e-02 1.59238689e-02 2.40254495e-02 -1.15513727e-02
    -1.02495393e-02 3.48788826e-03 1.57189444e-02 2.20204387e-02
    1.98848974e-02 6.45436347e-02 1.59783065e-02 4.16937210e-02
    6.76380331e-03 1.55713391e-02 1.05062611e-02 3.83852702e-03
    -1.55754024e-02 1.45721948e-04 3.04589234e-03 -1.43277096e-02
    -2.26876251e-02 -3.10366992e-02 -8.44085962e-03 7.32719898e-03
    -1.16509600e-02 -5.13629708e-03 7.65494257e-03 1.41379116e-02
    1.35622080e-02 -1.43258413e-03 1.42918937e-02 2.09899247e-03
    -7.86106009e-03 -1.94520000e-02 5.09160709e-05 -9.08999331e-03
