<?xml version="1.0"?>
<opencv_storage>
<car_64x128 type_id="opencv-object-detector-hog">
  <winSize>
    64 128</winSize>
  <blockSize>
    16 16</blockSize>
  <blockStride>
    8 8</blockStride>
  <cellSize>
    8 8</cellSize>
  <nbins>9</nbins>
  <derivAperture>1</derivAperture>
  <winSigma>4.</winSigma>
  <histogramNormType>0</histogramNormType>
  <L2HysThreshold>2.0000000000000001e-01</L2HysThreshold>
  <gammaCorrection>1</gammaCorrection>
  <nlevels>64</nlevels>
  <signedGradient>0</signedGradient>
  <SVMDetector>
    1.27085615e-02 1.97666083e-02 1.07755959e-02 -1.10727120e-02
    -3.84894982e-02 -1.79512035e-02 1.34083442e-02 2.49471497e-02
    5.96820377e-03 3.40735093e-02 4.79014497e-03 -2.93728942e-03
    1.41428038e-03 -3.00667286e-02 8.51773750e-03 1.00488877e-02
    2.24701613e-02 2.08736118e-02 -1.52763864e-02 -1.56067591e-03
    2.83392356e-03 -1.66883562e-02 -2.46078279e-02 -2.04211492e-02
    -1.51725179e-02 -1.56438518e-02 -1.25703514e-02 -6.60706544e-03
    1.51168099e-02 -5.17077371e-03 7.64603540e-03 -2.36592852e-02
    1.94403250e-03 -5.56080136e-03 -4.63405915e-04 -7.66131841e-03
    3.06061283e-02 5.66254929e-03 8.70805513e-03 -5.59740094e-03
    -2.64790878e-02 -8.24448373e-03 8.71300511e-03 2.68155057e-02
    1.26119107e-02 1.94386411e-02 1.74968187e-02 2.43142098e-02
    1.02902502e-02 -1.92177929e-02 -8.86954460e-03 5.17114298e-03
    1.36895915e-02 -7.45130982e-03 -8.23282404e-04 5.48812887e-03
    1.06653776e-02 -2.85346224e-03 -1.99660789e-02 -1.55135971e-02
    -1.82035789e-02 -1.21784937e-02 -9.03072860e-03 -7.87968747e-03
    4.12254268e-03 5.85833099e-03 4.58763307e-03 -2.64582913e-02
    -7.23083643e-03 -6.17130985e-03 2.63114064e-03 -1.73567422e-02
    1.71728153e-02 -1.04578724e-03 1.04555916e-02 6.50115777e-03
    -2.96457391e-02 -7.69597478e-03 -4.53517074e-03 1.07492302e-02
    -3.41509865e-03 1.34908902e-02 -2.09499383e-03 7.69341318e-03
    6.98052626e-03 -2.14036275e-02 9.37805232e-03 -1.05783232e-02
    1.85627658e-02 1.14491154e-02 -5.76697662e-03 -1.42274948e-03
    6.52057165e-03 -4.71085915e-03 -3.38657014e-02 -7.66030047e-03
    8.20234977e-03 1.87912118e-02 -1.96751533e-03 9.86959506e-03
    1.40487328e-02 1.97056886e-02 2.50628777e-03 -2.09033340e-02
    4.85598482e-03 -9.33577400e-03 1.15932515e-02 1.44871231e-02
    1.06886737e-02 3.86768283e-04 1.43509572e-02 1.27353538e-02
    -1.34702716e-02 7.71626132e-03 9.88192670e-03 1.45841651e-02
    -1.29152893e-03 1.77241620e-02 9.99633130e-03 9.38468706e-03
    1.25574134e-02 -2.62378119e-02 -1.32216550e-02 2.01574266e-02
    1.48009071e-02 4.75335447e-03 5.19268913e-03 2.59314720e-02
    9.14788619e-03 1.02117350e-02 -8.75409786e-03 -3.86822876e-03
    -1.00364955e-02 9.51175229e-04 -2.37192493e-02 2.63032736e-03
    2.99942270e-02 8.57193198e-04 1.29688485e-02 -2.03857310e-02
    -1.44888256e-02 -1.35286921e-03 9.22599901e-03 -7.29612540e-03
    2.10151412e-02 1.11937542e-02 7.08543183e-03 -3.10252816e-03
    -3.75877544e-02 -2.02262215e-02 2.23149881e-02 2.25774311e-02
    6.42397953e-03 1.58165197e-03 1.10653220e-02 2.23368942e-03
    8.93867947e-03 -3.00175790e-02 -5.28752850e-03 1.15330704e-02
    2.55195564e-03 -8.30059405e-03 1.90011226e-02 1.80568099e-02
    4.11630189e-03 4.68984898e-03 -3.16204652e-02 -1.26074962e-02
    8.38715769e-03 -3.43468855e-05 3.58077697e-03 2.29238700e-02
    1.17263990e-02 7.99272396e-03 7.61759095e-03 -4.02022786e-02
    4.05255472e-03 9.98810586e-03 1.18711572e-02 2.11213063e-03
    2.97777243e-02 2.31818426e-02 9.80469026e-03 1.83225814e-02
    -1.03937993e-02 9.16872639e-03 1.53850960e-02 4.35938826e-03
    1.43543463e-02 5.14012761e-02 1.04111675e-02 9.69656743e-03
    4.01214464e-03 -1.68892760e-02 -7.03006377e-03 5.07965498e-03
    2.15192474e-02 3.82941402e-02 1.20207779e-02 8.73537548e-03
    5.80817182e-03 9.80052352e-03 -2.23661456e-02 -6.39161887e-03
    1.11483447e-02 2.24313438e-02 9.03356541e-03 4.10510367e-03
    -4.98198019e-03 -3.02524539e-03 -3.77304945e-03 -2.15736609e-02
    -4.44618799e-03 -8.56107194e-03 1.75216720e-02 1.51366321e-02
    3.11351046e-02 2.14222423e-03 5.93205076e-03 -1.10038072e-02
    -1.10584302e-02 -4.53249225e-03 -6.24160690e-04 9.24460962e-03
    2.25831345e-02 5.04629165e-02 9.88628529e-03 4.40263608e-03
    -2.01008692e-02 -3.77121964e-03 1.08766444e-02 1.11636575e-02
    2.96751037e-03 2.33647916e-02 -2.11792951e-03 1.11822714e-03
    -2.81008007e-03 -9.25753557e-04 -2.51431321e-03 -9.84579045e-03
    -4.39599762e-03 1.34106632e-02 5.71489101e-03 -4.45026066e-03
    1.10467197e-03 -1.25642503e-02 -6.53774338e-03 -9.70189180e-03
    4.52377088e-03 1.93347782e-02 6.37045270e-03 1.40620936e-02
    3.20520364e-02 4.98479977e-03 -7.96684157e-03 -2.01378297e-02
    -5.53448405e-03 2.06020027e-02 1.07994359e-02 -1.22228242e-03
    1.50561286e-02 9.04026162e-03 1.99427493e-02 -6.36611227e-03
    -1.72462128e-02 -2.36352608e-02 1.28180133e-02 1.34385619e-02
    5.38080465e-03 -6.82525197e-03 -9.38554667e-03 2.76021834e-04
    -2.43844949e-02 -1.36485621e-02 -3.25472746e-03 1.69387106e-02
    2.15677880e-02 9.84704937e-04 2.76170764e-03 -2.18444690e-02
    -3.00206337e-03 -2.33468283e-02 -1.29899231e-03 -3.19198519e-03
    2.61442810e-02 3.46560068e-02 6.47464581e-03 -9.40057077e-03
    1.42943058e-02 1.78208314e-02 -6.71285810e-03 -1.50375087e-02
    -2.06960291e-02 4.74210130e-03 1.25368210e-02 6.38996623e-03
    6.47230260e-03 3.19663957e-02 2.66859755e-02 -1.06524490e-02
    -1.12079531e-02 -2.29344722e-02 3.69798765e-03 1.58511456e-02
    -1.10351190e-03 2.63536554e-02 -1.17110917e-02 7.52497604e-03
    -1.30913360e-02 -1.17614504e-03 1.13979615e-02 1.11153722e-02
    1.89226922e-02 1.54682240e-02 -3.84246721e-03 -5.05936984e-03
    4.69000591e-03 -1.50403045e-02 -8.89545400e-03 -9.43546090e-03
    3.71382129e-03 1.86639186e-02 3.89801245e-03 -1.89284375e-03
    2.96399537e-02 2.55211201e-02 -5.78272995e-03 -2.87781283e-03
    -2.16829646e-02 1.00690434e-02 2.72134598e-03 1.07638948e-02
    2.34678183e-02 1.56698618e-02 1.82360914e-02 -7.83163868e-03
    -5.77888498e-03 -1.87653601e-02 1.70696732e-02 5.70629258e-03
    5.35146100e-03 3.13704810e-03 3.03014152e-04 8.88950564e-03
    -1.38387317e-02 4.52460302e-03 -1.39454557e-02 7.46088754e-03
    6.79332390e-03 8.88269395e-03 1.14284568e-02 -5.83314896e-03
    3.62796220e-03 -1.69455316e-02 6.61154464e-03 -1.42505178e-02
    7.77976075e-03 3.75599903e-03 9.89669934e-03 -9.17853380e-04
    1.62067991e-02 2.88075162e-03 -1.91155579e-02 -1.90635901e-02
    -2.31853742e-02 1.02754356e-02 9.51195415e-03 1.94255542e-02
    1.39843225e-02 2.46115532e-02 2.40579173e-02 -8.56802799e-03
    -1.73688587e-02 -9.13834572e-03 2.80742045e-03 1.47006549e-02
    4.24970351e-02 2.72134021e-02 1.64032128e-04 9.72852297e-03
    -1.06236814e-02 -4.17415006e-03 -1.33964485e-02 7.13580428e-03
    1.52955167e-02 1.91546660e-02 -5.48539124e-03 4.64750780e-03
    2.53976677e-02 -3.41725099e-04 5.04721235e-03 -1.06931003e-02
    1.35389166e-02 1.15695642e-02 2.85346266e-02 8.75869673e-03
    6.72097271e-03 1.42286234e-02 -1.04773492e-02 -2.67716199e-02
    -3.19353491e-02 -5.41902380e-04 1.28237559e-02 4.02427614e-02
    9.45254322e-03 1.83393862e-02 1.29609490e-02 -2.54924060e-03
    -8.36044829e-03 -2.13552359e-02 2.12830678e-02 2.14020014e-02
    3.44127137e-03 4.91176499e-03 6.38274057e-03 1.84007958e-02
    -8.97501130e-03 -9.63321794e-03 -1.87199321e-02 1.25358040e-02
    7.67393131e-03 2.28662435e-02 9.05944500e-03 2.11975668e-02
    1.77635234e-02 -5.40880905e-03 -2.78638909e-03 -1.95245203e-02
    3.10752494e-03 2.18137307e-03 9.69505496e-03 9.22766235e-03
    1.47549324e-02 6.66771084e-03 -4.99567203e-03 -2.79616518e-03
    -1.36446604e-03 2.88215578e-02 1.60787683e-02 -1.88350549e-03
    4.45341459e-03 1.09724374e-02 1.16381971e-02 1.86187017e-03
    9.36223019e-04 -2.94926222e-02 2.63518114e-02 -1.78248959e-03
    -8.16066843e-03 2.46586930e-03 1.02398051e-02 1.30019458e-02
