<?xml version="1.0"?>
<opencv_storage>
<HOGpedestrian64x128 type_id="opencv-object-detector-hog">
  <winSize>
    64 128</winSize>
  <blockSize>
    16 16</blockSize>
  <blockStride>
    8 8</blockStride>
  <cellSize>
    8 8</cellSize>
  <nbins>9</nbins>
  <derivAperture>1</derivAperture>
  <winSigma>4.</winSigma>
  <histogramNormType>0</histogramNormType>
  <L2HysThreshold>2.0000000000000001e-01</L2HysThreshold>
  <gammaCorrection>1</gammaCorrection>
  <nlevels>64</nlevels>
  <signedGradient>0</signedGradient>
  <SVMDetector>
    1.58243757e-02 1.37586473e-02 1.25596263e-02 9.60991718e-03
    -1.36852299e-03 -2.60836654e-03 -1.43148033e-02 -4.72904230e-03
    4.38189600e-03 4.90964111e-03 1.81414150e-02 1.24891987e-02
    9.82965156e-03 1.03893420e-02 -9.06957965e-03 -1.67591982e-02
    -4.13530180e-03 8.48057400e-03 1.67809036e-02 9.42475069e-03
    2.11225823e-02 2.54199579e-02 1.13718631e-02 -3.90150724e-03
    -9.13487573e-04 -3.03822756e-03 1.16730733e-02 1.33591192e-02
    1.27954986e-02 3.10237221e-02 1.19778570e-02 2.85854079e-02
    -6.13077893e-04 -5.06906398e-03 -6.37622504e-03 2.00329758e-02
    -2.57250969e-03 1.76359843e-02 7.74899172e-03 4.79657017e-03
    -3.02903191e-03 -8.48325342e-03 -1.19501157e-02 1.21250062e-03
    1.55057339e-02 3.01732827e-04 1.96674839e-02 1.09609524e-02
    1.81931891e-02 -1.17117935e-03 1.14690671e-02 -4.80886223e-03
    6.12601405e-03 -3.48141883e-03 -4.20899363e-03 3.03050294e-03
    1.49293188e-02 1.40428143e-02 3.68505437e-03 -6.63611246e-03
    -1.98661964e-02 1.22909131e-03 1.16875106e-02 -6.37602014e-03
    -7.21559254e-03 7.88422488e-03 1.95565056e-02 1.24079622e-02
    1.03324773e-02 -2.42505688e-03 6.37882994e-03 8.42282828e-03
    2.26738513e-03 1.58072449e-02 1.30227581e-02 1.40836295e-02
    8.26803222e-03 1.35568930e-02 -4.37355973e-03 9.56279039e-03
    1.06050791e-02 1.01730926e-03 9.68984421e-03 6.74999226e-03
    1.92306179e-03 -6.04211586e-03 -1.08593365e-03 -1.04827508e-02
    3.80990864e-03 7.38436589e-03 8.33558757e-03 2.54232809e-03
    1.47896055e-02 1.16122728e-02 1.18592950e-02 6.45146426e-03
    6.16822290e-05 9.21345502e-03 1.34930080e-02 1.38056893e-02
    -1.39699606e-02 -5.31914737e-03 -6.82689855e-03 -8.15074611e-03
    -1.51142711e-04 2.03289860e-03 5.42342197e-03 1.46253230e-02
    1.36585729e-02 1.05403112e-02 1.47110494e-02 -6.10403775e-04
    -8.86129029e-03 -8.33601318e-03 -5.39786927e-03 1.10720785e-03
    9.18323174e-03 1.67622603e-02 2.08074506e-02 2.42014267e-02
    1.78765913e-03 -6.32996671e-03 -6.19519455e-03 -1.58508066e-02
    -7.59562990e-03 1.79416463e-02 1.99947995e-03 -2.47526495e-03
    9.24004335e-03 1.14210055e-03 1.23004699e-02 8.15597159e-05
    1.20099611e-03 1.04271350e-02 9.08430107e-03 2.49797967e-03
    4.50361846e-03 1.36508038e-02 5.52730775e-03 3.28064105e-03
    -7.26420339e-03 -1.86881907e-02 2.28434408e-04 1.68901812e-02
    1.45036699e-02 2.08340101e-02 3.08083110e-02 2.12676288e-03
    -8.64627119e-03 3.21784843e-04 -6.28765626e-03 8.39703251e-03
    2.57115066e-02 1.95069127e-02 2.10670214e-02 3.01524401e-02
    -1.07778492e-03 -2.05370355e-02 -1.54415574e-02 -4.84360475e-03
    -2.19515944e-03 1.98365301e-02 -1.98581349e-03 -7.59024173e-03
    7.89680611e-03 -1.74227415e-03 -2.16353568e-03 -4.69120638e-03
    -1.24563985e-02 1.25488406e-02 2.42474079e-02 -4.25013527e-03
    1.09869754e-03 6.34732982e-03 2.89966585e-04 -1.23051566e-03
    7.19177304e-04 8.78905039e-03 7.61425775e-03 1.50546050e-02
    3.65528688e-02 1.81294810e-02 1.72451288e-02 8.64767469e-04
    -1.76183507e-02 -6.12312462e-03 8.96232296e-03 2.08957121e-02
    2.70850882e-02 2.73936521e-02 1.42102549e-02 1.49065712e-02
    1.19099449e-02 -8.16943962e-03 -2.23182258e-03 1.11490376e-02
    1.02389697e-02 2.35790219e-02 6.72431244e-03 -5.69863198e-03
    9.39448131e-04 9.11542028e-03 -7.89413974e-03 5.27369650e-03
    1.97670292e-02 1.71387438e-02 9.12966486e-03 1.56756025e-02
    5.29155228e-03 -4.10886947e-04 9.36428830e-03 2.10724236e-03
    6.38581673e-03 -6.55146036e-03 9.19691636e-04 1.59474108e-02
    2.62123346e-02 1.51065737e-02 8.10388476e-03 9.30787064e-03
    -2.20946316e-02 -8.63701163e-04 6.58869464e-03 5.75109338e-03
    1.72785968e-02 2.34182738e-02 1.47812171e-02 9.15813353e-03
    1.23012885e-02 -1.19754765e-02 -5.75810764e-03 8.92635994e-03
    1.18558416e-02 1.46268615e-02 3.20438179e-03 2.39654165e-03
    -1.85125403e-03 3.51922563e-03 -1.46440547e-02 -4.94994409e-03
    -1.15001015e-02 -7.13536143e-03 1.80419639e-03 8.02866928e-03
    1.23216445e-02 3.89753352e-03 1.22437032e-03 -1.13815293e-02
    -4.01020981e-03 2.89580494e-04 1.17375366e-02 3.74957058e-03
    1.60048828e-02 1.78876594e-02 1.55806607e-02 1.25089912e-02
    -5.74018946e-03 -6.62479037e-03 -5.85088413e-03 1.59647875e-02
    1.22110983e-02 1.74422525e-02 2.00853813e-02 2.08487660e-02
    8.40601139e-03 -1.07675651e-02 -6.03452511e-03 3.00916354e-03
    1.30033353e-02 1.39499232e-02 2.32293131e-03 6.64848508e-03
    -1.27683661e-03 1.80453679e-03 -7.37978518e-03 -8.94098729e-03
    3.19021242e-03 2.03043874e-02 -5.07628603e-04 6.47152588e-03
    1.80303268e-02 8.17229878e-03 1.33548630e-02 -3.63085745e-03
    -8.77475925e-03 4.08193888e-03 1.66343339e-02 1.21042207e-02
    1.21280653e-02 6.39267557e-04 1.71040632e-02 1.05836345e-02
    2.58088904e-03 1.32564120e-02 2.11890135e-02 1.63180083e-02
    2.49917787e-02 2.43152361e-02 -4.49637650e-03 1.42624257e-02
    7.56925764e-03 -2.20026542e-02 -9.37779783e-04 -2.03663809e-03
    -1.85130048e-03 2.22562402e-02 5.42361755e-03 5.49486792e-03
    1.23825874e-02 1.48340762e-02 1.68470503e-03 -8.30794033e-03
    1.05354737e-03 6.72556134e-03 8.32379237e-03 6.08022464e-03
    1.39742596e-02 1.09347347e-02 5.28466841e-03 -6.50506979e-03
    2.09401408e-03 1.35956155e-02 1.31502561e-02 1.58959832e-02
    3.69903259e-02 1.41350459e-02 2.59516332e-02 7.17059523e-03
    2.31673708e-03 5.40472334e-03 -9.54386219e-03 -1.70531555e-03
    2.19758041e-02 1.47827882e-02 1.09328879e-02 2.06831601e-02
    -3.54289287e-03 -2.63456609e-02 -1.46163423e-02 -1.14779463e-02
    -8.20949674e-03 1.12151355e-02 7.81196309e-03 8.92846659e-03
    1.01148766e-02 7.81945605e-03 1.35992728e-02 1.49579756e-02
    1.60040837e-02 2.62108911e-02 2.37132479e-02 1.55598223e-02
    1.35008916e-02 1.30602503e-02 -2.82623083e-03 -1.46382358e-02
    -4.48946329e-03 2.95346091e-03 4.04933188e-03 8.03854875e-03
    -7.84176867e-03 6.19890913e-03 1.46646872e-02 9.59076802e-04
    5.20994095e-03 1.03172027e-02 1.23629225e-02 1.49540547e-02
    8.23340553e-04 -7.93268066e-03 1.10162366e-02 3.66687798e-03
    -1.81102683e-03 -4.09761257e-03 8.43701791e-03 3.23361228e-03
    6.09318912e-03 8.56291875e-03 9.44175478e-03 1.38179278e-02
    1.85113549e-02 1.27382316e-02 1.55562488e-02 5.61774708e-03
    1.45898070e-02 1.23456232e-02 9.10418108e-03 4.26610146e-04
    -1.25674158e-03 7.05236103e-04 5.43905143e-03 4.72124200e-03
    1.38941929e-02 5.16398950e-03 1.62857901e-02 7.77948089e-03
    5.67370374e-03 1.31364828e-02 1.23326676e-02 7.03275809e-03
    8.04838631e-03 1.09187905e-02 2.28455337e-03 1.08338902e-02
    1.89078990e-02 -2.59421719e-03 7.65983295e-03 4.95010288e-03
    -5.07927267e-03 -9.86996529e-05 -2.61998648e-04 -1.03662862e-03
    -2.75364704e-03 5.14965039e-04 7.94479856e-04 9.94603150e-03
    1.33938706e-02 8.08859710e-03 6.27872208e-03 8.42459314e-03
    1.24624344e-02 1.06372209e-02 6.15236303e-03 -3.95601196e-03
    6.88454276e-03 1.61711704e-02 -3.89047200e-03 3.05604027e-03
    8.69604200e-03 -5.59623865e-03 -1.45617845e-02 -3.88342538e-03
    1.00148171e-02 1.45351151e-02 1.20421555e-02 -1.29707614e-02
    2.43075681e-03 7.10687088e-03 8.38936400e-03 -4.65586130e-03
    8.57378449e-03 4.61360952e-03 1.02543887e-02 1.57926474e-02
    -1.00902189e-02 5.60191879e-03 1.76664125e-02 1.95336761e-03
    -2.53861565e-02 1.38637528e-03 1.11623975e-02 7.80266011e-03
    1.22602154e-02 -1.82486381e-02 -7.12489244e-03 4.09869208e-05
